0 0.5985576923076923 0.44591346153846156 0.009615384615384616 0.04807692307692308
0 0.6069711538461539 0.44471153846153844 0.008413461538461538 0.04447115384615385
0 0.5913461538461539 0.5456730769230769 0.010817307692307692 0.03485576923076923
0 0.6069711538461539 0.546875 0.01201923076923077 0.04807692307692308
0 0.5865384615384616 0.7992788461538461 0.018028846153846152 0.057692307692307696
0 0.5540865384615384 0.84375 0.021634615384615384 0.038461538461538464
0 0.5480769230769231 0.8112980769230769 0.018028846153846152 0.052884615384615384
0 0.4879807692307692 0.8870192307692307 0.020432692307692308 0.042067307692307696
0 0.48197115384615385 0.8605769230769231 0.019230769230769232 0.036057692307692304
0 0.3894230769230769 0.9338942307692307 0.027644230769230768 0.03485576923076923
0 0.4014423076923077 0.9026442307692307 0.020432692307692308 0.046875
0 0.39903846153846156 0.7992788461538461 0.021634615384615384 0.05048076923076923
0 0.38221153846153844 0.8786057692307693 0.01201923076923077 0.056490384615384616
0 0.3798076923076923 0.8341346153846154 0.014423076923076924 0.026442307692307692
0 0.31009615384615385 0.8665865384615384 0.020432692307692308 0.05048076923076923
0 0.31850961538461536 0.8449519230769231 0.020432692307692308 0.03485576923076923
0 0.32211538461538464 0.8149038461538461 0.018028846153846152 0.038461538461538464
0 0.2920673076923077 0.7752403846153846 0.015625 0.040865384615384616
0 0.25600961538461536 0.7740384615384616 0.028846153846153848 0.04326923076923077
0 0.25841346153846156 0.7415865384615384 0.020432692307692308 0.04447115384615385
0 0.30649038461538464 0.7536057692307693 0.016826923076923076 0.042067307692307696
0 0.31490384615384615 0.7283653846153846 0.016826923076923076 0.046875
0 0.21754807692307693 0.7391826923076923 0.021634615384615384 0.040865384615384616
0 0.15865384615384615 0.7163461538461539 0.02403846153846154 0.05048076923076923
0 0.140625 0.7463942307692307 0.02403846153846154 0.054086538461538464
0 0.125 0.6262019230769231 0.021634615384615384 0.04927884615384615
0 0.036057692307692304 0.6370192307692307 0.03245192307692308 0.046875
0 0.15865384615384615 0.5252403846153846 0.019230769230769232 0.04927884615384615
0 0.16826923076923078 0.5120192307692307 0.014423076923076924 0.04447115384615385
0 0.17668269230769232 0.4987980769230769 0.01201923076923077 0.03125
0 0.18389423076923078 0.4795673076923077 0.01201923076923077 0.036057692307692304
0 0.5757211538461539 0.984375 0.016826923076923076 0.03125
0 0.5576923076923077 0.9891826923076923 0.013221153846153846 0.020432692307692308