0 0.35336538461538464 0.6310096153846154 0.06370192307692307 0.24759615384615385
0 0.29927884615384615 0.6201923076923077 0.056490384615384616 0.22235576923076922
0 0.4891826923076923 0.5420673076923077 0.007211538461538462 0.06490384615384616
0 0.49759615384615385 0.5420673076923077 0.014423076923076924 0.07572115384615384
0 0.5132211538461539 0.5396634615384616 0.016826923076923076 0.08173076923076923
0 0.5300480769230769 0.5396634615384616 0.020432692307692308 0.07572115384615384
0 0.5420673076923077 0.5432692307692307 0.01201923076923077 0.06971153846153846
0 0.5240384615384616 0.5384615384615384 0.007211538461538462 0.07211538461538461
0 0.5733173076923077 0.5408653846153846 0.015625 0.08774038461538461
0 0.6129807692307693 0.5432692307692307 0.016826923076923076 0.09014423076923077
0 0.5961538461538461 0.5396634615384616 0.01201923076923077 0.0889423076923077
0 0.6225961538461539 0.5492788461538461 0.009615384615384616 0.0733173076923077
0 0.5805288461538461 0.5456730769230769 0.020432692307692308 0.0889423076923077