0 0.5144230769230769 0.5396634615384616 0.010817307692307692 0.07572115384615384
0 0.5048076923076923 0.5408653846153846 0.006009615384615385 0.0673076923076923
0 0.5408653846153846 0.5372596153846154 0.014423076923076924 0.08052884615384616
0 0.5552884615384616 0.5408653846153846 0.014423076923076924 0.06971153846153846
0 0.5997596153846154 0.5420673076923077 0.016826923076923076 0.09014423076923077
0 0.53125 0.5360576923076923 0.01201923076923077 0.08052884615384616
0 0.5769230769230769 0.5360576923076923 0.01201923076923077 0.08052884615384616
0 0.6358173076923077 0.5384615384615384 0.016826923076923076 0.09254807692307693
0 0.6177884615384616 0.5372596153846154 0.016826923076923076 0.09134615384615384
0 0.5877403846153846 0.5408653846153846 0.015625 0.0889423076923077
0 0.6033653846153846 0.5012019230769231 0.007211538461538462 0.016826923076923076