0 0.5348557692307693 0.8617788461538461 0.027644230769230768 0.04567307692307692
0 0.5540865384615384 0.9603365384615384 0.016826923076923076 0.04567307692307692
0 0.5721153846153846 0.9519230769230769 0.013221153846153846 0.04807692307692308
0 0.5516826923076923 0.8137019230769231 0.016826923076923076 0.039663461538461536
0 0.5444711538461539 0.7572115384615384 0.014423076923076924 0.036057692307692304
0 0.5444711538461539 0.7932692307692307 0.016826923076923076 0.039663461538461536
0 0.6021634615384616 0.7548076923076923 0.021634615384615384 0.04927884615384615
0 0.578125 0.7295673076923077 0.015625 0.04807692307692308
0 0.5276442307692307 0.7728365384615384 0.013221153846153846 0.04326923076923077
0 0.48677884615384615 0.7728365384615384 0.021634615384615384 0.042067307692307696
0 0.5877403846153846 0.6862980769230769 0.014423076923076924 0.042067307692307696
0 0.6286057692307693 0.7295673076923077 0.019230769230769232 0.042067307692307696
0 0.6033653846153846 0.6923076923076923 0.016826923076923076 0.046875
0 0.6177884615384616 0.7019230769230769 0.013221153846153846 0.04807692307692308
0 0.6213942307692307 0.6478365384615384 0.013221153846153846 0.04447115384615385
0 0.5841346153846154 0.6550480769230769 0.009615384615384616 0.020432692307692308
0 0.5889423076923077 0.6334134615384616 0.015625 0.042067307692307696
0 0.6057692307692307 0.6394230769230769 0.013221153846153846 0.04567307692307692
0 0.5973557692307693 0.6057692307692307 0.01201923076923077 0.025240384615384616
0 0.6322115384615384 0.5949519230769231 0.018028846153846152 0.046875
0 0.6189903846153846 0.5757211538461539 0.015625 0.05048076923076923
0 0.6069711538461539 0.5721153846153846 0.01201923076923077 0.042067307692307696
0 0.1935096153846154 0.6838942307692307 0.025240384615384616 0.04927884615384615
0 0.16947115384615385 0.6959134615384616 0.030048076923076924 0.05048076923076923
0 0.12379807692307693 0.6959134615384616 0.025240384615384616 0.052884615384615384
0 0.04326923076923077 0.6394230769230769 0.02283653846153846 0.042067307692307696
0 0.04927884615384615 0.5408653846153846 0.03365384615384615 0.05048076923076923
0 0.15504807692307693 0.4795673076923077 0.021634615384615384 0.052884615384615384
0 0.1658653846153846 0.4639423076923077 0.019230769230769232 0.04326923076923077
0 0.18028846153846154 0.421875 0.013221153846153846 0.016826923076923076
0 0.17668269230769232 0.45072115384615385 0.015625 0.039663461538461536