0 0.4050480769230769 0.609375 0.052884615384615384 0.21153846153846154
0 0.36778846153846156 0.5865384615384616 0.04567307692307692 0.19591346153846154
0 0.4879807692307692 0.5420673076923077 0.010817307692307692 0.06490384615384616
0 0.4987980769230769 0.5408653846153846 0.016826923076923076 0.07451923076923077
0 0.5132211538461539 0.5384615384615384 0.019230769230769232 0.0829326923076923
0 0.5300480769230769 0.5420673076923077 0.014423076923076924 0.07451923076923077
0 0.5420673076923077 0.5444711538461539 0.01201923076923077 0.06850961538461539
0 0.5709134615384616 0.5444711538461539 0.013221153846153846 0.08173076923076923
0 0.5841346153846154 0.546875 0.018028846153846152 0.08052884615384616
0 0.5961538461538461 0.5396634615384616 0.016826923076923076 0.08653846153846154
0 0.6153846153846154 0.5384615384615384 0.015625 0.09495192307692307
0 0.6237980769230769 0.5456730769230769 0.009615384615384616 0.07932692307692307
0 0.6021634615384616 0.5300480769230769 0.01201923076923077 0.07091346153846154