0 0.38221153846153844 0.7572115384615384 0.020432692307692308 0.05048076923076923
0 0.37740384615384615 0.7211538461538461 0.014423076923076924 0.021634615384615384
0 0.4182692307692308 0.8016826923076923 0.018028846153846152 0.039663461538461536
0 0.4254807692307692 0.7451923076923077 0.014423076923076924 0.03245192307692308
0 0.42427884615384615 0.78125 0.015625 0.042067307692307696
0 0.2692307692307692 0.6682692307692307 0.027644230769230768 0.04807692307692308
0 0.13341346153846154 0.7007211538461539 0.02403846153846154 0.05889423076923077
0 0.15264423076923078 0.6694711538461539 0.025240384615384616 0.054086538461538464
0 0.038461538461538464 0.6033653846153846 0.026442307692307692 0.04567307692307692
0 0.6514423076923077 0.9050480769230769 0.026442307692307692 0.038461538461538464
0 0.6754807692307693 0.8870192307692307 0.016826923076923076 0.04447115384615385
0 0.6911057692307693 0.8677884615384616 0.015625 0.05048076923076923
0 0.5228365384615384 0.8954326923076923 0.026442307692307692 0.04927884615384615
0 0.4963942307692308 0.8269230769230769 0.015625 0.05048076923076923
0 0.5096153846153846 0.8317307692307693 0.014423076923076924 0.020432692307692308
0 0.5180288461538461 0.8557692307692307 0.016826923076923076 0.019230769230769232
0 0.5528846153846154 0.7716346153846154 0.01201923076923077 0.056490384615384616
0 0.609375 0.8016826923076923 0.013221153846153846 0.06610576923076923
0 0.6334134615384616 0.8016826923076923 0.015625 0.04447115384615385
0 0.6201923076923077 0.7908653846153846 0.01201923076923077 0.05889423076923077
0 0.5805288461538461 0.7175480769230769 0.015625 0.046875
0 0.5973557692307693 0.7271634615384616 0.016826923076923076 0.051682692307692304