0 0.6165865384615384 0.5372596153846154 0.015625 0.09014423076923077
0 0.6057692307692307 0.5384615384615384 0.009615384615384616 0.09134615384615384
0 0.5877403846153846 0.5384615384615384 0.01201923076923077 0.08533653846153846
0 0.5661057692307693 0.5372596153846154 0.016826923076923076 0.0829326923076923
0 0.6358173076923077 0.5396634615384616 0.018028846153846152 0.09495192307692307
0 0.5336538461538461 0.5348557692307693 0.016826923076923076 0.07932692307692307
0 0.5048076923076923 0.5396634615384616 0.010817307692307692 0.07211538461538461
0 0.5132211538461539 0.5396634615384616 0.014423076923076924 0.07451923076923077
0 0.5420673076923077 0.5372596153846154 0.010817307692307692 0.07932692307692307
0 0.5528846153846154 0.5396634615384616 0.013221153846153846 0.0733173076923077
0 0.5793269230769231 0.5372596153846154 0.009615384615384616 0.08413461538461539
0 0.5973557692307693 0.5420673076923077 0.014423076923076924 0.08774038461538461