0 0.20793269230769232 0.5336538461538461 0.02283653846153846 0.057692307692307696
0 0.22716346153846154 0.5300480769230769 0.02403846153846154 0.05048076923076923
0 0.22235576923076922 0.4963942307692308 0.018028846153846152 0.039663461538461536
0 0.27524038461538464 0.5024038461538461 0.021634615384615384 0.040865384615384616
0 0.23677884615384615 0.4951923076923077 0.020432692307692308 0.037259615384615384
0 0.22596153846153846 0.4675480769230769 0.013221153846153846 0.02403846153846154
0 0.19110576923076922 0.33653846153846156 0.018028846153846152 0.04807692307692308
0 0.20192307692307693 0.3245192307692308 0.016826923076923076 0.04567307692307692
0 0.421875 0.5877403846153846 0.01201923076923077 0.046875
0 0.4387019230769231 0.6262019230769231 0.01201923076923077 0.042067307692307696
0 0.578125 0.7079326923076923 0.013221153846153846 0.042067307692307696
0 0.5612980769230769 0.7884615384615384 0.015625 0.051682692307692304
0 0.5817307692307693 0.7872596153846154 0.015625 0.04927884615384615
0 0.6225961538461539 0.4543269230769231 0.01201923076923077 0.04927884615384615
0 0.625 0.3762019230769231 0.01201923076923077 0.02403846153846154
0 0.6346153846153846 0.39663461538461536 0.006009615384615385 0.04927884615384615
0 0.6442307692307693 0.40625 0.009615384615384616 0.042067307692307696
0 0.6213942307692307 0.40625 0.009615384615384616 0.042067307692307696