0 0.6177884615384616 0.4831730769230769 0.013221153846153846 0.030048076923076924
0 0.6286057692307693 0.5048076923076923 0.009615384615384616 0.04447115384615385
0 0.6418269230769231 0.5240384615384616 0.01201923076923077 0.04567307692307692
0 0.609375 0.5733173076923077 0.014423076923076924 0.052884615384615384
0 0.5637019230769231 0.8485576923076923 0.015625 0.055288461538461536
0 0.5841346153846154 0.8581730769230769 0.015625 0.04927884615384615
0 0.3629807692307692 0.7307692307692307 0.026442307692307692 0.04927884615384615
0 0.20192307692307693 0.5721153846153846 0.026442307692307692 0.051682692307692304
0 0.22355769230769232 0.5673076923076923 0.02403846153846154 0.04927884615384615
0 0.1875 0.36899038461538464 0.018028846153846152 0.051682692307692304
0 0.19591346153846154 0.3485576923076923 0.016826923076923076 0.030048076923076924
0 0.20793269230769232 0.3762019230769231 0.016826923076923076 0.039663461538461536
0 0.21514423076923078 0.3137019230769231 0.01201923076923077 0.02403846153846154
0 0.21033653846153846 0.3389423076923077 0.016826923076923076 0.03485576923076923
0 0.17548076923076922 0.49278846153846156 0.019230769230769232 0.04807692307692308
0 0.2247596153846154 0.5264423076923077 0.020432692307692308 0.042067307692307696
0 0.22716346153846154 0.5036057692307693 0.02283653846153846 0.04567307692307692
0 0.31009615384615385 0.6298076923076923 0.019230769230769232 0.04447115384615385
0 0.3449519230769231 0.625 0.019230769230769232 0.038461538461538464