0 0.18870192307692307 0.8088942307692307 0.026442307692307692 0.0625
0 0.21394230769230768 0.8004807692307693 0.021634615384615384 0.054086538461538464
0 0.36778846153846156 0.9639423076923077 0.02403846153846154 0.057692307692307696
0 0.6262019230769231 0.5877403846153846 0.01201923076923077 0.037259615384615384
0 0.203125 0.609375 0.014423076923076924 0.040865384615384616
0 0.18870192307692307 0.6213942307692307 0.018028846153846152 0.04807692307692308
0 0.3245192307692308 0.8918269230769231 0.025240384615384616 0.06129807692307692
0 0.33413461538461536 0.8581730769230769 0.016826923076923076 0.05889423076923077
0 0.3485576923076923 0.8329326923076923 0.020432692307692308 0.056490384615384616
0 0.5168269230769231 0.9290865384615384 0.02283653846153846 0.054086538461538464
0 0.6105769230769231 0.8713942307692307 0.019230769230769232 0.06370192307692307
0 0.6153846153846154 0.78125 0.013221153846153846 0.052884615384615384