0 0.5985576923076923 0.7908653846153846 0.016826923076923076 0.04567307692307692
0 0.6177884615384616 0.6826923076923077 0.015625 0.04326923076923077
0 0.6213942307692307 0.6105769230769231 0.014423076923076924 0.046875
0 0.47475961538461536 0.8713942307692307 0.015625 0.03485576923076923
0 0.47596153846153844 0.8257211538461539 0.015625 0.037259615384615384
0 0.3954326923076923 0.8016826923076923 0.018028846153846152 0.046875
0 0.40625 0.7776442307692307 0.015625 0.04447115384615385
0 0.41586538461538464 0.7512019230769231 0.014423076923076924 0.046875
0 0.5793269230769231 0.96875 0.015625 0.0625
0 0.6021634615384616 0.953125 0.015625 0.055288461538461536
0 0.8209134615384616 0.9038461538461539 0.020432692307692308 0.055288461538461536
0 0.8137019230769231 0.8858173076923077 0.016826923076923076 0.051682692307692304
0 0.21153846153846154 0.7007211538461539 0.02283653846153846 0.06129807692307692
0 0.23677884615384615 0.6935096153846154 0.02403846153846154 0.04927884615384615
0 0.6310096153846154 0.47115384615384615 0.009615384615384616 0.03245192307692308
0 0.6334134615384616 0.4326923076923077 0.006009615384615385 0.015625
0 0.6514423076923077 0.45552884615384615 0.008413461538461538 0.028846153846153848
0 0.6442307692307693 0.4483173076923077 0.004807692307692308 0.03125
0 0.6358173076923077 0.4495192307692308 0.007211538461538462 0.015625