0 0.5204326923076923 0.6478365384615384 0.016826923076923076 0.05048076923076923
0 0.5600961538461539 0.6502403846153846 0.016826923076923076 0.04807692307692308
0 0.5889423076923077 0.6766826923076923 0.018028846153846152 0.040865384615384616
0 0.6418269230769231 0.8040865384615384 0.027644230769230768 0.04807692307692308
0 0.5540865384615384 0.8365384615384616 0.014423076923076924 0.039663461538461536
0 0.5721153846153846 0.8341346153846154 0.015625 0.04326923076923077
0 0.5793269230769231 0.6346153846153846 0.01201923076923077 0.046875
0 0.5913461538461539 0.5649038461538461 0.013221153846153846 0.04326923076923077
0 0.6153846153846154 0.5769230769230769 0.013221153846153846 0.04326923076923077
0 0.6310096153846154 0.5625 0.014423076923076924 0.05048076923076923
0 0.6201923076923077 0.5324519230769231 0.01201923076923077 0.042067307692307696
0 0.5913461538461539 0.5288461538461539 0.01201923076923077 0.042067307692307696
0 0.6033653846153846 0.5216346153846154 0.015625 0.04567307692307692
0 0.5973557692307693 0.49278846153846156 0.009615384615384616 0.02283653846153846
0 0.6201923076923077 0.48677884615384615 0.013221153846153846 0.042067307692307696
0 0.609375 0.4795673076923077 0.010817307692307692 0.036057692307692304
0 0.5925480769230769 0.47596153846153844 0.010817307692307692 0.038461538461538464
0 0.6021634615384616 0.4579326923076923 0.010817307692307692 0.037259615384615384
0 0.5949519230769231 0.42908653846153844 0.01201923076923077 0.04567307692307692
0 0.609375 0.4014423076923077 0.013221153846153846 0.03245192307692308
0 0.6201923076923077 0.41346153846153844 0.013221153846153846 0.04927884615384615
0 0.6322115384615384 0.4206730769230769 0.01201923076923077 0.04326923076923077
0 0.5997596153846154 0.3557692307692308 0.010817307692307692 0.046875
0 0.6105769230769231 0.359375 0.007211538461538462 0.04326923076923077
0 0.6237980769230769 0.3641826923076923 0.010817307692307692 0.039663461538461536
0 0.6370192307692307 0.36658653846153844 0.01201923076923077 0.052884615384615384
0 0.6153846153846154 0.25 0.01201923076923077 0.046875
0 0.6262019230769231 0.2620192307692308 0.009615384615384616 0.037259615384615384
0 0.16346153846153846 0.6310096153846154 0.025240384615384616 0.04807692307692308
0 0.057692307692307696 0.625 0.038461538461538464 0.04447115384615385
0 0.11177884615384616 0.5564903846153846 0.02283653846153846 0.037259615384615384
0 0.17908653846153846 0.5841346153846154 0.027644230769230768 0.052884615384615384
0 0.20072115384615385 0.5757211538461539 0.025240384615384616 0.04927884615384615
0 0.030048076923076924 0.45913461538461536 0.03365384615384615 0.04447115384615385
0 0.019230769230769232 0.4807692307692308 0.030048076923076924 0.042067307692307696
0 0.12980769230769232 0.35216346153846156 0.027644230769230768 0.04447115384615385
0 0.15504807692307693 0.37740384615384615 0.02283653846153846 0.05048076923076923
0 0.16466346153846154 0.3557692307692308 0.020432692307692308 0.04326923076923077