0 0.4014423076923077 0.5540865384615384 0.026442307692307692 0.15504807692307693
0 0.43149038461538464 0.5637019230769231 0.030048076923076924 0.17067307692307693
0 0.4879807692307692 0.5408653846153846 0.01201923076923077 0.0673076923076923
0 0.4987980769230769 0.5396634615384616 0.014423076923076924 0.078125
0 0.5144230769230769 0.5408653846153846 0.015625 0.08173076923076923
0 0.5300480769230769 0.5408653846153846 0.015625 0.07932692307692307
0 0.5420673076923077 0.5420673076923077 0.01201923076923077 0.06850961538461539
0 0.5216346153846154 0.5348557692307693 0.014423076923076924 0.078125
0 0.5721153846153846 0.5432692307692307 0.015625 0.08052884615384616
0 0.6165865384615384 0.5384615384615384 0.020432692307692308 0.09134615384615384
0 0.5985576923076923 0.5384615384615384 0.015625 0.09014423076923077
0 0.5817307692307693 0.5444711538461539 0.019230769230769232 0.0889423076923077