0 0.1778846153846154 0.6177884615384616 0.027644230769230768 0.051682692307692304
0 0.20793269230769232 0.453125 0.025240384615384616 0.05889423076923077
0 0.22956730769230768 0.44711538461538464 0.02283653846153846 0.052884615384615384
0 0.19230769230769232 0.2704326923076923 0.020432692307692308 0.055288461538461536
0 0.5661057692307693 0.7055288461538461 0.014423076923076924 0.056490384615384616
0 0.5829326923076923 0.6911057692307693 0.016826923076923076 0.05048076923076923
0 0.6225961538461539 0.3161057692307692 0.014423076923076924 0.04567307692307692
0 0.5697115384615384 0.5540865384615384 0.019230769230769232 0.04567307692307692
0 0.5132211538461539 0.5600961538461539 0.020432692307692308 0.04807692307692308
0 0.38822115384615385 0.49399038461538464 0.019230769230769232 0.04326923076923077
0 0.25600961538461536 0.4495192307692308 0.02403846153846154 0.051682692307692304
0 0.26322115384615385 0.4326923076923077 0.020432692307692308 0.04567307692307692
0 0.2668269230769231 0.40384615384615385 0.018028846153846152 0.05048076923076923
0 0.8028846153846154 0.8293269230769231 0.03365384615384615 0.057692307692307696
0 0.7944711538461539 0.7680288461538461 0.03485576923076923 0.051682692307692304