0 0.5961538461538461 0.6778846153846154 0.018028846153846152 0.056490384615384616
0 0.5901442307692307 0.7584134615384616 0.015625 0.056490384615384616
0 0.6045673076923077 0.7728365384615384 0.01201923076923077 0.05048076923076923
0 0.5288461538461539 0.8569711538461539 0.014423076923076924 0.046875
0 0.5396634615384616 0.8894230769230769 0.02283653846153846 0.040865384615384616
0 0.578125 0.9879807692307693 0.014423076923076924 0.02283653846153846
0 0.28725961538461536 0.8245192307692307 0.027644230769230768 0.04927884615384615
0 0.296875 0.78125 0.020432692307692308 0.046875
0 0.3317307692307692 0.7920673076923077 0.016826923076923076 0.046875
0 0.34375 0.7824519230769231 0.015625 0.040865384615384616
0 0.3425480769230769 0.7451923076923077 0.016826923076923076 0.02403846153846154
0 0.29927884615384615 0.7475961538461539 0.018028846153846152 0.019230769230769232
0 0.359375 0.8858173076923077 0.014423076923076924 0.04927884615384615
0 0.36899038461538464 0.8677884615384616 0.018028846153846152 0.04447115384615385
0 0.36658653846153844 0.8293269230769231 0.014423076923076924 0.027644230769230768
0 0.10096153846153846 0.6706730769230769 0.025240384615384616 0.052884615384615384
0 0.140625 0.7463942307692307 0.028846153846153848 0.057692307692307696
0 0.15865384615384615 0.71875 0.02283653846153846 0.04807692307692308
0 0.09375 0.6237980769230769 0.02403846153846154 0.04447115384615385