0 0.2247596153846154 0.5300480769230769 0.171875 0.7235576923076923
0 0.3894230769230769 0.26802884615384615 0.12620192307692307 0.41947115384615385
0 0.5192307692307693 0.5120192307692307 0.13221153846153846 0.65625
0 0.5444711538461539 0.3137019230769231 0.10697115384615384 0.4338942307692308
0 0.7127403846153846 0.47115384615384615 0.12980769230769232 0.7536057692307693
0 0.921875 0.47596153846153844 0.15144230769230768 0.6201923076923077
0 0.7872596153846154 0.4423076923076923 0.0985576923076923 0.65625
0 0.9447115384615384 0.20673076923076922 0.0889423076923077 0.17067307692307693
0 0.8173076923076923 0.296875 0.0625 0.38100961538461536
0 0.8713942307692307 0.16346153846153846 0.06370192307692307 0.15985576923076922
0 0.6358173076923077 0.359375 0.06971153846153846 0.3858173076923077