0 0.16466346153846154 0.7223557692307693 0.125 0.4338942307692308
0 0.09134615384615384 0.6935096153846154 0.09254807692307693 0.39663461538461536
0 0.5721153846153846 0.5432692307692307 0.016826923076923076 0.08052884615384616
0 0.5973557692307693 0.5444711538461539 0.013221153846153846 0.07572115384615384
0 0.5060096153846154 0.5324519230769231 0.010817307692307692 0.07572115384615384
0 0.6141826923076923 0.5420673076923077 0.018028846153846152 0.09014423076923077
0 0.5288461538461539 0.5396634615384616 0.018028846153846152 0.07451923076923077
0 0.5144230769230769 0.5396634615384616 0.015625 0.08052884615384616
0 0.5829326923076923 0.546875 0.02403846153846154 0.07932692307692307
0 0.49038461538461536 0.5408653846153846 0.009615384615384616 0.0673076923076923
0 0.4987980769230769 0.5408653846153846 0.015625 0.07451923076923077
0 0.5408653846153846 0.5420673076923077 0.010817307692307692 0.07211538461538461