0 0.48677884615384615 0.546875 0.036057692307692304 0.13581730769230768
0 0.453125 0.546875 0.03125 0.12620192307692307
0 0.5721153846153846 0.5396634615384616 0.015625 0.08533653846153846
0 0.6069711538461539 0.5372596153846154 0.01201923076923077 0.0889423076923077
0 0.6201923076923077 0.5408653846153846 0.019230769230769232 0.09014423076923077
0 0.5853365384615384 0.5432692307692307 0.015625 0.08653846153846154
0 0.53125 0.5384615384615384 0.020432692307692308 0.0829326923076923
0 0.5420673076923077 0.5420673076923077 0.013221153846153846 0.07211538461538461
0 0.5120192307692307 0.5396634615384616 0.015625 0.08052884615384616
0 0.4987980769230769 0.5384615384615384 0.01201923076923077 0.07692307692307693
0 0.5204326923076923 0.5360576923076923 0.014423076923076924 0.08052884615384616