0 0.4338942307692308 0.7740384615384616 0.020432692307692308 0.04567307692307692
0 0.4699519230769231 0.7728365384615384 0.016826923076923076 0.02403846153846154
0 0.47836538461538464 0.8209134615384616 0.020432692307692308 0.04447115384615385
0 0.4807692307692308 0.8040865384615384 0.015625 0.040865384615384616
0 0.5144230769230769 0.8016826923076923 0.018028846153846152 0.038461538461538464
0 0.5973557692307693 0.796875 0.019230769230769232 0.055288461538461536
0 0.6358173076923077 0.8016826923076923 0.015625 0.057692307692307696
0 0.6177884615384616 0.8004807692307693 0.016826923076923076 0.051682692307692304
0 0.5961538461538461 0.7512019230769231 0.014423076923076924 0.025240384615384616
0 0.5420673076923077 0.7620192307692307 0.014423076923076924 0.028846153846153848
0 0.5733173076923077 0.8677884615384616 0.02283653846153846 0.046875
0 0.5516826923076923 0.8149038461538461 0.019230769230769232 0.04447115384615385
0 0.5396634615384616 0.8100961538461539 0.018028846153846152 0.055288461538461536
0 0.5793269230769231 0.7091346153846154 0.016826923076923076 0.054086538461538464
0 0.5961538461538461 0.7067307692307693 0.01201923076923077 0.04807692307692308
0 0.6225961538461539 0.7355769230769231 0.016826923076923076 0.05048076923076923
0 0.6117788461538461 0.7091346153846154 0.01201923076923077 0.054086538461538464
0 0.41346153846153844 0.7331730769230769 0.021634615384615384 0.04807692307692308
0 0.3425480769230769 0.7391826923076923 0.020432692307692308 0.055288461538461536
0 0.14543269230769232 0.7163461538461539 0.03125 0.052884615384615384
0 0.16706730769230768 0.671875 0.028846153846153848 0.057692307692307696
0 0.06009615384615385 0.6310096153846154 0.030048076923076924 0.04807692307692308