0 0.5841346153846154 0.6334134615384616 0.016826923076923076 0.04807692307692308
0 0.5901442307692307 0.5733173076923077 0.014423076923076924 0.04927884615384615
0 0.6069711538461539 0.5733173076923077 0.015625 0.04567307692307692
0 0.6009615384615384 0.5516826923076923 0.01201923076923077 0.039663461538461536
0 0.5913461538461539 0.5324519230769231 0.010817307692307692 0.026442307692307692
0 0.625 0.5 0.01201923076923077 0.04447115384615385
0 0.6021634615384616 0.484375 0.01201923076923077 0.040865384615384616
0 0.5949519230769231 0.4519230769230769 0.01201923076923077 0.042067307692307696
0 0.6117788461538461 0.44591346153846156 0.009615384615384616 0.03125
0 0.625 0.4567307692307692 0.010817307692307692 0.038461538461538464
0 0.6358173076923077 0.47836538461538464 0.009615384615384616 0.038461538461538464
0 0.6358173076923077 0.4411057692307692 0.009615384615384616 0.030048076923076924
0 0.546875 0.8665865384615384 0.010817307692307692 0.046875
0 0.5685096153846154 0.8665865384615384 0.020432692307692308 0.04326923076923077
0 0.234375 0.7307692307692307 0.03485576923076923 0.04807692307692308
0 0.2704326923076923 0.6850961538461539 0.02283653846153846 0.046875
0 0.12740384615384615 0.65625 0.026442307692307692 0.039663461538461536
0 0.1778846153846154 0.6033653846153846 0.02283653846153846 0.04807692307692308
0 0.19591346153846154 0.5913461538461539 0.021634615384615384 0.042067307692307696
0 0.21754807692307693 0.6382211538461539 0.021634615384615384 0.042067307692307696
0 0.13942307692307693 0.5492788461538461 0.028846153846153848 0.04567307692307692
0 0.13701923076923078 0.4519230769230769 0.015625 0.04567307692307692
0 0.1466346153846154 0.5228365384615384 0.02403846153846154 0.040865384615384616
0 0.15504807692307693 0.3918269230769231 0.021634615384615384 0.054086538461538464
0 0.16466346153846154 0.3786057692307692 0.016826923076923076 0.04447115384615385