0 0.2764423076923077 0.6610576923076923 0.07451923076923077 0.31009615384615385
0 0.21394230769230768 0.6502403846153846 0.06971153846153846 0.28725961538461536
0 0.4879807692307692 0.5396634615384616 0.009615384615384616 0.06610576923076923
0 0.49759615384615385 0.5396634615384616 0.014423076923076924 0.07692307692307693
0 0.515625 0.5432692307692307 0.019230769230769232 0.0733173076923077
0 0.515625 0.5324519230769231 0.010817307692307692 0.078125
0 0.5300480769230769 0.5384615384615384 0.013221153846153846 0.07932692307692307
0 0.5396634615384616 0.5420673076923077 0.01201923076923077 0.06610576923076923
0 0.5733173076923077 0.5420673076923077 0.016826923076923076 0.08774038461538461
0 0.6117788461538461 0.5420673076923077 0.013221153846153846 0.0889423076923077
0 0.5961538461538461 0.5444711538461539 0.013221153846153846 0.07692307692307693
0 0.5829326923076923 0.5456730769230769 0.021634615384615384 0.08774038461538461
0 0.6225961538461539 0.5480769230769231 0.007211538461538462 0.07091346153846154