0 0.6129807692307693 0.5192307692307693 0.013221153846153846 0.042067307692307696
0 0.6237980769230769 0.47836538461538464 0.009615384615384616 0.04447115384615385
0 0.6213942307692307 0.44471153846153844 0.010817307692307692 0.021634615384615384
0 0.6418269230769231 0.4807692307692308 0.009615384615384616 0.04927884615384615
0 0.6322115384615384 0.4651442307692308 0.010817307692307692 0.040865384615384616
0 0.65625 0.4182692307692308 0.010817307692307692 0.046875
0 0.6346153846153846 0.4074519230769231 0.013221153846153846 0.04326923076923077
0 0.6274038461538461 0.3798076923076923 0.010817307692307692 0.04567307692307692
0 0.6622596153846154 0.3858173076923077 0.01201923076923077 0.020432692307692308
0 0.6334134615384616 0.32572115384615385 0.010817307692307692 0.038461538461538464
0 0.6478365384615384 0.33653846153846156 0.010817307692307692 0.03485576923076923
0 0.6586538461538461 0.34375 0.010817307692307692 0.030048076923076924
0 0.6526442307692307 0.3762019230769231 0.010817307692307692 0.02283653846153846
0 0.640625 0.3701923076923077 0.009615384615384616 0.025240384615384616
0 0.6466346153846154 0.4074519230769231 0.010817307692307692 0.039663461538461536
0 0.6646634615384616 0.3629807692307692 0.008413461538461538 0.02283653846153846
0 0.6430288461538461 0.31971153846153844 0.009615384615384616 0.03245192307692308
0 0.6514423076923077 0.28846153846153844 0.01201923076923077 0.030048076923076924
0 0.5805288461538461 0.8629807692307693 0.015625 0.04567307692307692
0 0.5649038461538461 0.8449519230769231 0.014423076923076924 0.046875
0 0.37259615384615385 0.6526442307692307 0.018028846153846152 0.042067307692307696
0 0.38100961538461536 0.6201923076923077 0.019230769230769232 0.039663461538461536
0 0.4699519230769231 0.7536057692307693 0.02283653846153846 0.04326923076923077
0 0.2247596153846154 0.5697115384615384 0.02283653846153846 0.04447115384615385
0 0.203125 0.5793269230769231 0.02403846153846154 0.05048076923076923
0 0.21033653846153846 0.546875 0.014423076923076924 0.03485576923076923
0 0.21995192307692307 0.5324519230769231 0.013221153846153846 0.042067307692307696
0 0.22956730769230768 0.5276442307692307 0.021634615384615384 0.051682692307692304