0 0.46153846153846156 0.5552884615384616 0.03365384615384615 0.15264423076923078
0 0.43149038461538464 0.5504807692307693 0.03485576923076923 0.14302884615384615
0 0.5745192307692307 0.5420673076923077 0.016826923076923076 0.08533653846153846
0 0.6009615384615384 0.5372596153846154 0.013221153846153846 0.08774038461538461
0 0.6189903846153846 0.5408653846153846 0.019230769230769232 0.09254807692307693
0 0.5865384615384616 0.5432692307692307 0.020432692307692308 0.0889423076923077
0 0.49038461538461536 0.5384615384615384 0.010817307692307692 0.07211538461538461
0 0.5 0.5408653846153846 0.014423076923076924 0.07692307692307693
0 0.5144230769230769 0.5408653846153846 0.019230769230769232 0.0829326923076923
0 0.53125 0.5396634615384616 0.019230769230769232 0.07451923076923077
0 0.5420673076923077 0.5432692307692307 0.010817307692307692 0.0673076923076923
0 0.5204326923076923 0.5336538461538461 0.009615384615384616 0.07932692307692307