0 0.4266826923076923 0.8161057692307693 0.013221153846153846 0.046875
0 0.4483173076923077 0.7776442307692307 0.015625 0.04447115384615385
0 0.47596153846153844 0.7860576923076923 0.013221153846153846 0.039663461538461536
0 0.4987980769230769 0.8221153846153846 0.013221153846153846 0.039663461538461536
0 0.4963942307692308 0.7920673076923077 0.013221153846153846 0.015625
0 0.4987980769230769 0.7716346153846154 0.013221153846153846 0.02403846153846154
0 0.5588942307692307 0.8088942307692307 0.025240384615384616 0.037259615384615384
0 0.5408653846153846 0.7536057692307693 0.016826923076923076 0.040865384615384616
0 0.5516826923076923 0.7752403846153846 0.01201923076923077 0.037259615384615384
0 0.6153846153846154 0.8100961538461539 0.015625 0.051682692307692304
0 0.6021634615384616 0.7788461538461539 0.015625 0.04567307692307692
0 0.5925480769230769 0.7620192307692307 0.013221153846153846 0.04807692307692308
0 0.5733173076923077 0.7572115384615384 0.01201923076923077 0.046875
0 0.5793269230769231 0.7199519230769231 0.01201923076923077 0.028846153846153848
0 0.5865384615384616 0.7019230769230769 0.013221153846153846 0.038461538461538464
0 0.6057692307692307 0.7055288461538461 0.013221153846153846 0.04927884615384615
0 0.6189903846153846 0.7115384615384616 0.01201923076923077 0.039663461538461536
0 0.6262019230769231 0.6646634615384616 0.013221153846153846 0.042067307692307696
0 0.5841346153846154 0.6346153846153846 0.010817307692307692 0.06009615384615385
0 0.5877403846153846 0.5841346153846154 0.009615384615384616 0.04447115384615385
0 0.6021634615384616 0.5925480769230769 0.01201923076923077 0.04447115384615385
0 0.6009615384615384 0.6346153846153846 0.008413461538461538 0.039663461538461536
0 0.6141826923076923 0.6382211538461539 0.013221153846153846 0.04807692307692308
0 0.6129807692307693 0.5132211538461539 0.01201923076923077 0.038461538461538464
0 0.6274038461538461 0.5144230769230769 0.014423076923076924 0.04927884615384615
0 0.5985576923076923 0.44591346153846156 0.010817307692307692 0.046875
0 0.6117788461538461 0.45552884615384615 0.013221153846153846 0.04326923076923077
0 0.5492788461538461 0.9639423076923077 0.013221153846153846 0.04326923076923077
0 0.5661057692307693 0.9567307692307693 0.01201923076923077 0.046875
0 0.16346153846153846 0.7151442307692307 0.03245192307692308 0.042067307692307696
0 0.18870192307692307 0.6862980769230769 0.028846153846153848 0.05048076923076923
0 0.09735576923076923 0.6574519230769231 0.025240384615384616 0.04807692307692308
0 0.15144230769230768 0.4831730769230769 0.02283653846153846 0.04927884615384615
0 0.1622596153846154 0.4675480769230769 0.016826923076923076 0.042067307692307696
0 0.17307692307692307 0.4495192307692308 0.014423076923076924 0.028846153846153848
0 0.18028846153846154 0.4338942307692308 0.014423076923076924 0.037259615384615384
0 0.18509615384615385 0.49158653846153844 0.021634615384615384 0.038461538461538464