0 0.328125 0.5372596153846154 0.056490384615384616 0.24519230769230768
0 0.35697115384615385 0.5180288461538461 0.02403846153846154 0.2608173076923077
0 0.1622596153846154 0.5396634615384616 0.06370192307692307 0.3401442307692308
0 0.03485576923076923 0.44591346153846156 0.06009615384615385 0.15504807692307693
0 0.13942307692307693 0.4050480769230769 0.03245192307692308 0.09134615384615384
0 0.203125 0.5408653846153846 0.040865384615384616 0.25240384615384615
0 0.7487980769230769 0.5384615384615384 0.06490384615384616 0.4326923076923077
0 0.7067307692307693 0.5324519230769231 0.027644230769230768 0.35336538461538464
0 0.8233173076923077 0.5252403846153846 0.042067307692307696 0.25240384615384615
0 0.8882211538461539 0.5240384615384616 0.06610576923076923 0.2548076923076923
0 0.8521634615384616 0.5264423076923077 0.030048076923076924 0.2127403846153846