0 0.12379807692307693 0.4519230769230769 0.12860576923076922 0.5072115384615384
0 0.3112980769230769 0.5252403846153846 0.08653846153846154 0.6322115384615384
0 0.31490384615384615 0.49399038461538464 0.16105769230769232 0.6081730769230769
0 0.49399038461538464 0.5120192307692307 0.10336538461538461 0.5865384615384616
0 0.6514423076923077 0.5276442307692307 0.1502403846153846 0.6225961538461539
0 0.7932692307692307 0.5913461538461539 0.12740384615384615 0.7331730769230769
0 0.4170673076923077 0.4699519230769231 0.08774038461538461 0.5336538461538461
0 0.3641826923076923 0.39663461538461536 0.06370192307692307 0.40865384615384615
0 0.22235576923076922 0.38100961538461536 0.10096153846153846 0.46153846153846156
0 0.7223557692307693 0.421875 0.07692307692307693 0.45552884615384615
0 0.8774038461538461 0.4050480769230769 0.09735576923076923 0.4831730769230769
0 0.875 0.5685096153846154 0.12860576923076922 0.6959134615384616
0 0.9399038461538461 0.4387019230769231 0.05889423076923077 0.4326923076923077