0 0.21514423076923078 0.9014423076923077 0.08774038461538461 0.1971153846153846
0 0.7608173076923077 0.6286057692307693 0.08413461538461539 0.22235576923076922
0 0.5240384615384616 0.6490384615384616 0.06129807692307692 0.234375
0 0.2800480769230769 0.34615384615384615 0.057692307692307696 0.15504807692307693
0 0.34975961538461536 0.5 0.05889423076923077 0.10216346153846154
0 0.5697115384615384 0.6225961538461539 0.056490384615384616 0.23557692307692307
0 0.25961538461538464 0.15865384615384615 0.02283653846153846 0.1045673076923077
0 0.7355769230769231 0.140625 0.026442307692307692 0.10697115384615384
0 0.42427884615384615 0.5829326923076923 0.0673076923076923 0.14783653846153846
0 0.18870192307692307 0.13701923076923078 0.019230769230769232 0.09975961538461539
0 0.2848557692307692 0.21514423076923078 0.03245192307692308 0.11538461538461539
0 0.6887019230769231 0.13221153846153846 0.02403846153846154 0.10697115384615384
0 0.6274038461538461 0.13341346153846154 0.028846153846153848 0.109375
0 0.8762019230769231 0.3605769230769231 0.06129807692307692 0.18990384615384615
0 0.8834134615384616 0.3557692307692308 0.028846153846153848 0.18028846153846154
0 0.8401442307692307 0.6189903846153846 0.0889423076923077 0.2439903846153846
0 0.6370192307692307 0.6370192307692307 0.06009615384615385 0.22956730769230768
0 0.22716346153846154 0.3449519230769231 0.04567307692307692 0.18028846153846154
0 0.21995192307692307 0.22115384615384615 0.030048076923076924 0.10697115384615384